Индекс(i)	Узел(xi)	Числ.реш(vi)	Точн.реш(ui)	Погрешность|vi-ui|	Невязка(ri)
--------------------------------------------------------------------------------------
0	0.0000000000	10.0000000000	10.0000000000	0.0000000000	0.0000000000
1	0.0009765625	10.0000858307	10.0000858307	0.0000000000	0.0000000298
2	0.0019531250	10.0003433228	10.0003433228	0.0000000000	0.0000000149
3	0.0029296875	10.0007724762	10.0007724762	0.0000000000	0.0000000149
4	0.0039062500	10.0013732910	10.0013732910	0.0000000000	0.0000000298
5	0.0048828125	10.0021457672	10.0021457672	0.0000000000	0.0000000149
6	0.0058593750	10.0030899048	10.0030899048	0.0000000000	0.0000000149
7	0.0068359375	10.0042057037	10.0042057037	0.0000000000	0.0000000298
8	0.0078125000	10.0054931641	10.0054931641	0.0000000000	0.0000000149
9	0.0087890625	10.0069522858	10.0069522858	0.0000000000	0.0000000000
10	0.0097656250	10.0085830688	10.0085830688	0.0000000000	0.0000000149
11	0.0107421875	10.0103855133	10.0103855133	0.0000000000	0.0000000000
12	0.0117187500	10.0123596191	10.0123596191	0.0000000000	0.0000000149
13	0.0126953125	10.0145053864	10.0145053864	0.0000000000	0.0000000000
14	0.0136718750	10.0168228149	10.0168228149	0.0000000000	0.0000000149
15	0.0146484375	10.0193119049	10.0193119049	0.0000000000	0.0000000000
16	0.0156250000	10.0219726563	10.0219726562	0.0000000000	0.0000000149
17	0.0166015625	10.0248050690	10.0248050690	0.0000000000	0.0000000149
18	0.0175781250	10.0278091431	10.0278091431	0.0000000000	0.0000000000
19	0.0185546875	10.0309848785	10.0309848785	0.0000000000	0.0000000149
20	0.0195312500	10.0343322754	10.0343322754	0.0000000000	0.0000000000
21	0.0205078125	10.0378513336	10.0378513336	0.0000000000	0.0000000298
22	0.0214843750	10.0415420532	10.0415420532	0.0000000000	0.0000000149
23	0.0224609375	10.0454044342	10.0454044342	0.0000000000	0.0000000000
24	0.0234375000	10.0494384766	10.0494384766	0.0000000000	0.0000000000
25	0.0244140625	10.0536441803	10.0536441803	0.0000000000	0.0000000298
26	0.0253906250	10.0580215454	10.0580215454	0.0000000000	0.0000000149
27	0.0263671875	10.0625705719	10.0625705719	0.0000000000	0.0000000298
28	0.0273437500	10.0672912598	10.0672912598	0.0000000000	0.0000000298
29	0.0283203125	10.0721836090	10.0721836090	0.0000000000	0.0000000149
30	0.0292968750	10.0772476196	10.0772476196	0.0000000000	0.0000000000
31	0.0302734375	10.0824832916	10.0824832916	0.0000000000	0.0000000149
32	0.0312500000	10.0878906250	10.0878906250	0.0000000000	0.0000000000
33	0.0322265625	10.0934696198	10.0934696198	0.0000000000	0.0000000149
34	0.0332031250	10.0992202759	10.0992202759	0.0000000000	0.0000000149
35	0.0341796875	10.1051425934	10.1051425934	0.0000000000	0.0000000000
36	0.0351562500	10.1112365723	10.1112365723	0.0000000000	0.0000000000
37	0.0361328125	10.1175022125	10.1175022125	0.0000000000	0.0000000000
38	0.0371093750	10.1239395142	10.1239395142	0.0000000000	0.0000000000
39	0.0380859375	10.1305484772	10.1305484772	0.0000000000	0.0000000000
40	0.0390625000	10.1373291016	10.1373291016	0.0000000000	0.0000000149
41	0.0400390625	10.1442813873	10.1442813873	0.0000000000	0.0000000447
42	0.0410156250	10.1514053345	10.1514053345	0.0000000000	0.0000000298
43	0.0419921875	10.1587009430	10.1587009430	0.0000000000	0.0000000000
44	0.0429687500	10.1661682129	10.1661682129	0.0000000000	0.0000000298
45	0.0439453125	10.1738071442	10.1738071442	0.0000000000	0.0000000298
46	0.0449218750	10.1816177368	10.1816177368	0.0000000000	0.0000000000
47	0.0458984375	10.1895999908	10.1895999908	0.0000000000	0.0000000447
48	0.0468750000	10.1977539063	10.1977539062	0.0000000000	0.0000000149
49	0.0478515625	10.2060794830	10.2060794830	0.0000000000	0.0000000149
50	0.0488281250	10.2145767212	10.2145767212	0.0000000000	0.0000000149
51	0.0498046875	10.2232456207	10.2232456207	0.0000000000	0.0000000000
52	0.0507812500	10.2320861816	10.2320861816	0.0000000000	0.0000000298
53	0.0517578125	10.2410984039	10.2410984039	0.0000000000	0.0000000000
54	0.0527343750	10.2502822876	10.2502822876	0.0000000000	0.0000000149
55	0.0537109375	10.2596378326	10.2596378326	0.0000000000	0.0000000000
56	0.0546875000	10.2691650391	10.2691650391	0.0000000000	0.0000000447
57	0.0556640625	10.2788639069	10.2788639069	0.0000000000	0.0000000149
58	0.0566406250	10.2887344360	10.2887344360	0.0000000000	0.0000000000
59	0.0576171875	10.2987766266	10.2987766266	0.0000000000	0.0000000149
60	0.0585937500	10.3089904785	10.3089904785	0.0000000000	0.0000000149
61	0.0595703125	10.3193759918	10.3193759918	0.0000000000	0.0000000000
62	0.0605468750	10.3299331665	10.3299331665	0.0000000000	0.0000000149
63	0.0615234375	10.3406620026	10.3406620026	0.0000000000	0.0000000149
64	0.0625000000	10.3515625000	10.3515625000	0.0000000000	0.0000000298
65	0.0634765625	10.3626346588	10.3626346588	0.0000000000	0.0000000000
66	0.0644531250	10.3738784790	10.3738784790	0.0000000000	0.0000000000
67	0.0654296875	10.3852939606	10.3852939606	0.0000000000	0.0000000000
68	0.0664062500	10.3968811035	10.3968811035	0.0000000000	0.0000000000
69	0.0673828125	10.4086399078	10.4086399078	0.0000000000	0.0000000000
70	0.0683593750	10.4205703735	10.4205703735	0.0000000000	0.0000000000
71	0.0693359375	10.4326725006	10.4326725006	0.0000000000	0.0000000000
72	0.0703125000	10.4449462891	10.4449462891	0.0000000000	0.0000000000
73	0.0712890625	10.4573917389	10.4573917389	0.0000000000	0.0000000149
74	0.0722656250	10.4700088501	10.4700088501	0.0000000000	0.0000000298
75	0.0732421875	10.4827976227	10.4827976227	0.0000000000	0.0000000298
76	0.0742187500	10.4957580566	10.4957580566	0.0000000000	0.0000000000
77	0.0751953125	10.5088901520	10.5088901520	0.0000000000	0.0000000000
78	0.0761718750	10.5221939087	10.5221939087	0.0000000000	0.0000000000
79	0.0771484375	10.5356693268	10.5356693268	0.0000000000	0.0000000298
80	0.0781250000	10.5493164063	10.5493164062	0.0000000000	0.0000000298
81	0.0791015625	10.5631351471	10.5631351471	0.0000000000	0.0000000149
82	0.0800781250	10.5771255493	10.5771255493	0.0000000000	0.0000000000
83	0.0810546875	10.5912876129	10.5912876129	0.0000000000	0.0000000149
84	0.0820312500	10.6056213379	10.6056213379	0.0000000000	0.0000000000
85	0.0830078125	10.6201267242	10.6201267242	0.0000000000	0.0000000149
86	0.0839843750	10.6348037720	10.6348037720	0.0000000000	0.0000000000
87	0.0849609375	10.6496524811	10.6496524811	0.0000000000	0.0000000149
88	0.0859375000	10.6646728516	10.6646728516	0.0000000000	0.0000000298
89	0.0869140625	10.6798648834	10.6798648834	0.0000000000	0.0000000000
90	0.0878906250	10.6952285767	10.6952285767	0.0000000000	0.0000000298
91	0.0888671875	10.7107639313	10.7107639313	0.0000000000	0.0000000298
92	0.0898437500	10.7264709473	10.7264709473	0.0000000000	0.0000000000
93	0.0908203125	10.7423496246	10.7423496246	0.0000000000	0.0000000298
94	0.0917968750	10.7583999634	10.7583999634	0.0000000000	0.0000000298
95	0.0927734375	10.7746219635	10.7746219635	0.0000000000	0.0000000000
96	0.0937500000	10.7910156250	10.7910156250	0.0000000000	0.0000000000
97	0.0947265625	10.8075809479	10.8075809479	0.0000000000	0.0000000298
98	0.0957031250	10.8243179321	10.8243179321	0.0000000000	0.0000000000
99	0.0966796875	10.8412265778	10.8412265778	0.0000000000	0.0000000596
100	0.0976562500	10.8583068848	10.8583068848	0.0000000000	0.0000000596
101	0.0986328125	10.8755588532	10.8755588531	0.0000000000	0.0000000298
102	0.0996093750	10.8929824829	10.8929824829	0.0000000000	0.0000000298
103	0.1005859375	10.9105777740	10.9105777740	0.0000000000	0.0000000298
104	0.1015625000	10.9283447266	10.9283447266	0.0000000000	0.0000000298
105	0.1025390625	10.9462833405	10.9462833405	0.0000000000	0.0000000000
106	0.1035156250	10.9643936157	10.9643936157	0.0000000000	0.0000000000
107	0.1044921875	10.9826755524	10.9826755524	0.0000000000	0.0000000000
108	0.1054687500	11.0011291504	11.0011291504	0.0000000000	0.0000000000
109	0.1064453125	11.0197544098	11.0197544098	0.0000000000	0.0000000000
110	0.1074218750	11.0385513306	11.0385513306	0.0000000000	0.0000000000
111	0.1083984375	11.0575199127	11.0575199127	0.0000000000	0.0000000596
112	0.1093750000	11.0766601563	11.0766601562	0.0000000000	0.0000000000
113	0.1103515625	11.0959720612	11.0959720612	0.0000000000	0.0000000298
114	0.1113281250	11.1154556274	11.1154556274	0.0000000000	0.0000000298
115	0.1123046875	11.1351108551	11.1351108551	0.0000000000	0.0000000298
116	0.1132812500	11.1549377441	11.1549377441	0.0000000000	0.0000000000
117	0.1142578125	11.1749362946	11.1749362946	0.0000000000	0.0000000000
118	0.1152343750	11.1951065063	11.1951065063	0.0000000000	0.0000000000
119	0.1162109375	11.2154483795	11.2154483795	0.0000000000	0.0000000000
120	0.1171875000	11.2359619141	11.2359619141	0.0000000000	0.0000000000
121	0.1181640625	11.2566471100	11.2566471100	0.0000000000	0.0000000000
122	0.1191406250	11.2775039673	11.2775039673	0.0000000000	0.0000000000
123	0.1201171875	11.2985324860	11.2985324860	0.0000000000	0.0000000298
124	0.1210937500	11.3197326660	11.3197326660	0.0000000000	0.0000000298
125	0.1220703125	11.3411045074	11.3411045074	0.0000000000	0.0000000000
126	0.1230468750	11.3626480103	11.3626480103	0.0000000000	0.0000000298
127	0.1240234375	11.3843631744	11.3843631744	0.0000000000	0.0000000000
128	0.1250000000	11.4062500000	11.4062500000	0.0000000000	0.0000000000
129	0.1259765625	11.4283084869	11.4283084869	0.0000000000	0.0000000000
130	0.1269531250	11.4505386353	11.4505386353	0.0000000000	0.0000000298
131	0.1279296875	11.4729404449	11.4729404449	0.0000000000	0.0000000596
132	0.1289062500	11.4955139160	11.4955139160	0.0000000000	0.0000000298
133	0.1298828125	11.5182590485	11.5182590485	0.0000000000	0.0000000298
134	0.1308593750	11.5411758423	11.5411758423	0.0000000000	0.0000000298
135	0.1318359375	11.5642642975	11.5642642975	0.0000000000	0.0000000298
136	0.1328125000	11.5875244141	11.5875244141	0.0000000000	0.0000000298
137	0.1337890625	11.6109561920	11.6109561920	0.0000000000	0.0000000298
138	0.1347656250	11.6345596313	11.6345596313	0.0000000000	0.0000000298
139	0.1357421875	11.6583347321	11.6583347321	0.0000000000	0.0000000298
140	0.1367187500	11.6822814941	11.6822814941	0.0000000000	0.0000000298
141	0.1376953125	11.7063999176	11.7063999176	0.0000000000	0.0000000596
142	0.1386718750	11.7306900024	11.7306900024	0.0000000000	0.0000000298
143	0.1396484375	11.7551517487	11.7551517487	0.0000000000	0.0000000000
144	0.1406250000	11.7797851563	11.7797851562	0.0000000000	0.0000000000
145	0.1416015625	11.8045902252	11.8045902252	0.0000000000	0.0000000000
146	0.1425781250	11.8295669556	11.8295669556	0.0000000000	0.0000000298
147	0.1435546875	11.8547153473	11.8547153473	0.0000000000	0.0000000000
148	0.1445312500	11.8800354004	11.8800354004	0.0000000000	0.0000000000
149	0.1455078125	11.9055271149	11.9055271149	0.0000000000	0.0000000298
150	0.1464843750	11.9311904907	11.9311904907	0.0000000000	0.0000000298
151	0.1474609375	11.9570255280	11.9570255280	0.0000000000	0.0000000298
152	0.1484375000	11.9830322266	11.9830322266	0.0000000000	0.0000000000
153	0.1494140625	12.0092105865	12.0092105865	0.0000000000	0.0000000298
154	0.1503906250	12.0355606079	12.0355606079	0.0000000000	0.0000000000
155	0.1513671875	12.0620822907	12.0620822906	0.0000000000	0.0000000298
156	0.1523437500	12.0887756348	12.0887756348	0.0000000000	0.0000000000
157	0.1533203125	12.1156406403	12.1156406403	0.0000000000	0.0000000596
158	0.1542968750	12.1426773071	12.1426773071	0.0000000000	0.0000000298
159	0.1552734375	12.1698856354	12.1698856354	0.0000000000	0.0000000000
160	0.1562500000	12.1972656250	12.1972656250	0.0000000000	0.0000000298
161	0.1572265625	12.2248172760	12.2248172760	0.0000000000	0.0000000596
162	0.1582031250	12.2525405884	12.2525405884	0.0000000000	0.0000000596
163	0.1591796875	12.2804355621	12.2804355621	0.0000000000	0.0000000596
164	0.1601562500	12.3085021973	12.3085021973	0.0000000000	0.0000000298
165	0.1611328125	12.3367404938	12.3367404938	0.0000000000	0.0000000000
166	0.1621093750	12.3651504517	12.3651504517	0.0000000000	0.0000000298
167	0.1630859375	12.3937320709	12.3937320709	0.0000000000	0.0000000298
168	0.1640625000	12.4224853516	12.4224853516	0.0000000000	0.0000000298
169	0.1650390625	12.4514102936	12.4514102936	0.0000000000	0.0000000298
170	0.1660156250	12.4805068970	12.4805068970	0.0000000000	0.0000000298
171	0.1669921875	12.5097751617	12.5097751617	0.0000000000	0.0000000000
172	0.1679687500	12.5392150879	12.5392150879	0.0000000000	0.0000000000
173	0.1689453125	12.5688266754	12.5688266754	0.0000000000	0.0000000298
174	0.1699218750	12.5986099243	12.5986099243	0.0000000000	0.0000000000
175	0.1708984375	12.6285648346	12.6285648346	0.0000000000	0.0000000000
176	0.1718750000	12.6586914063	12.6586914062	0.0000000000	0.0000000298
177	0.1728515625	12.6889896393	12.6889896393	0.0000000000	0.0000000298
178	0.1738281250	12.7194595337	12.7194595337	0.0000000000	0.0000000298
179	0.1748046875	12.7501010895	12.7501010895	0.0000000000	0.0000000596
180	0.1757812500	12.7809143066	12.7809143066	0.0000000000	0.0000000298
181	0.1767578125	12.8118991852	12.8118991852	0.0000000000	0.0000000000
182	0.1777343750	12.8430557251	12.8430557251	0.0000000000	0.0000000298
183	0.1787109375	12.8743839264	12.8743839264	0.0000000000	0.0000000298
184	0.1796875000	12.9058837891	12.9058837891	0.0000000000	0.0000000298
185	0.1806640625	12.9375553131	12.9375553131	0.0000000000	0.0000000000
186	0.1816406250	12.9693984985	12.9693984985	0.0000000000	0.0000000000
187	0.1826171875	13.0014133453	13.0014133453	0.0000000000	0.0000000298
188	0.1835937500	13.0335998535	13.0335998535	0.0000000000	0.0000000000
189	0.1845703125	13.0659580231	13.0659580231	0.0000000000	0.0000000000
190	0.1855468750	13.0984878540	13.0984878540	0.0000000000	0.0000000000
191	0.1865234375	13.1311893463	13.1311893463	0.0000000000	0.0000000298
192	0.1875000000	13.1640625000	13.1640625000	0.0000000000	0.0000000298
193	0.1884765625	13.1971073151	13.1971073151	0.0000000000	0.0000000596
194	0.1894531250	13.2303237915	13.2303237915	0.0000000000	0.0000000298
195	0.1904296875	13.2637119293	13.2637119293	0.0000000000	0.0000000000
196	0.1914062500	13.2972717285	13.2972717285	0.0000000000	0.0000000000
197	0.1923828125	13.3310031891	13.3310031891	0.0000000000	0.0000000298
198	0.1933593750	13.3649063110	13.3649063110	0.0000000000	0.0000000298
199	0.1943359375	13.3989810944	13.3989810944	0.0000000000	0.0000000000
200	0.1953125000	13.4332275391	13.4332275391	0.0000000000	0.0000000298
201	0.1962890625	13.4676456451	13.4676456451	0.0000000000	0.0000000596
202	0.1972656250	13.5022354126	13.5022354126	0.0000000000	0.0000000000
203	0.1982421875	13.5369968414	13.5369968414	0.0000000000	0.0000000000
204	0.1992187500	13.5719299316	13.5719299316	0.0000000000	0.0000000298
205	0.2001953125	13.6070346832	13.6070346832	0.0000000000	0.0000000000
206	0.2011718750	13.6423110962	13.6423110962	0.0000000000	0.0000000000
207	0.2021484375	13.6777591705	13.6777591705	0.0000000000	0.0000000596
208	0.2031250000	13.7133789063	13.7133789062	0.0000000000	0.0000000298
209	0.2041015625	13.7491703033	13.7491703033	0.0000000000	0.0000000298
210	0.2050781250	13.7851333618	13.7851333618	0.0000000000	0.0000000298
211	0.2060546875	13.8212680817	13.8212680817	0.0000000000	0.0000000298
212	0.2070312500	13.8575744629	13.8575744629	0.0000000000	0.0000000298
213	0.2080078125	13.8940525055	13.8940525055	0.0000000000	0.0000000298
214	0.2089843750	13.9307022095	13.9307022095	0.0000000000	0.0000000000
215	0.2099609375	13.9675235748	13.9675235748	0.0000000000	0.0000000000
216	0.2109375000	14.0045166016	14.0045166016	0.0000000000	0.0000000298
217	0.2119140625	14.0416812897	14.0416812897	0.0000000000	0.0000000000
218	0.2128906250	14.0790176392	14.0790176392	0.0000000000	0.0000000000
219	0.2138671875	14.1165256500	14.1165256500	0.0000000000	0.0000000298
220	0.2148437500	14.1542053223	14.1542053223	0.0000000000	0.0000000298
221	0.2158203125	14.1920566559	14.1920566559	0.0000000000	0.0000000000
222	0.2167968750	14.2300796509	14.2300796509	0.0000000000	0.0000000298
223	0.2177734375	14.2682743073	14.2682743073	0.0000000000	0.0000000596
224	0.2187500000	14.3066406250	14.3066406250	0.0000000000	0.0000000596
225	0.2197265625	14.3451786041	14.3451786041	0.0000000000	0.0000000596
226	0.2207031250	14.3838882446	14.3838882446	0.0000000000	0.0000000596
227	0.2216796875	14.4227695465	14.4227695465	0.0000000000	0.0000000298
228	0.2226562500	14.4618225098	14.4618225098	0.0000000000	0.0000000000
229	0.2236328125	14.5010471344	14.5010471344	0.0000000000	0.0000000000
230	0.2246093750	14.5404434204	14.5404434204	0.0000000000	0.0000000298
231	0.2255859375	14.5800113678	14.5800113678	0.0000000000	0.0000000000
232	0.2265625000	14.6197509766	14.6197509766	0.0000000000	0.0000000298
233	0.2275390625	14.6596622467	14.6596622467	0.0000000000	0.0000000298
234	0.2285156250	14.6997451782	14.6997451782	0.0000000000	0.0000000000
235	0.2294921875	14.7399997711	14.7399997711	0.0000000000	0.0000000000
236	0.2304687500	14.7804260254	14.7804260254	0.0000000000	0.0000000596
237	0.2314453125	14.8210239410	14.8210239410	0.0000000000	0.0000000298
238	0.2324218750	14.8617935181	14.8617935181	0.0000000000	0.0000000298
239	0.2333984375	14.9027347565	14.9027347565	0.0000000000	0.0000000298
240	0.2343750000	14.9438476563	14.9438476562	0.0000000000	0.0000000298
241	0.2353515625	14.9851322174	14.9851322174	0.0000000000	0.0000000596
242	0.2363281250	15.0265884399	15.0265884399	0.0000000000	0.0000000000
243	0.2373046875	15.0682163239	15.0682163239	0.0000000000	0.0000000000
244	0.2382812500	15.1100158691	15.1100158691	0.0000000000	0.0000000000
245	0.2392578125	15.1519870758	15.1519870758	0.0000000000	0.0000000298
246	0.2402343750	15.1941299439	15.1941299438	0.0000000000	0.0000000596
247	0.2412109375	15.2364444733	15.2364444733	0.0000000000	0.0000000298
248	0.2421875000	15.2789306641	15.2789306641	0.0000000000	0.0000000000
249	0.2431640625	15.3215885162	15.3215885162	0.0000000000	0.0000000000
250	0.2441406250	15.3644180298	15.3644180298	0.0000000000	0.0000000000
251	0.2451171875	15.4074192047	15.4074192047	0.0000000000	0.0000000000
252	0.2460937500	15.4505920410	15.4505920410	0.0000000000	0.0000000000
253	0.2470703125	15.4939365387	15.4939365387	0.0000000000	0.0000000298
254	0.2480468750	15.5374526978	15.5374526978	0.0000000000	0.0000000000
255	0.2490234375	15.5811405182	15.5811405182	0.0000000000	0.0000000298
256	0.2500000000	15.6250000000	15.6250000000	0.0000000000	0.0000000000
257	0.2509765625	15.6690311432	15.6690311432	0.0000000000	0.0000000000
258	0.2519531250	15.7132339478	15.7132339478	0.0000000000	0.0000000298
259	0.2529296875	15.7576084137	15.7576084137	0.0000000000	0.0000000596
260	0.2539062500	15.8021545410	15.8021545410	0.0000000000	0.0000000298
261	0.2548828125	15.8468723297	15.8468723297	0.0000000000	0.0000000298
262	0.2558593750	15.8917617798	15.8917617798	0.0000000000	0.0000000000
263	0.2568359375	15.9368228912	15.9368228912	0.0000000000	0.0000000298
264	0.2578125000	15.9820556641	15.9820556641	0.0000000000	0.0000000298
265	0.2587890625	16.0274600983	16.0274600983	0.0000000000	0.0000000000
266	0.2597656250	16.0730361939	16.0730361938	0.0000000000	0.0000000000
267	0.2607421875	16.1187839508	16.1187839508	0.0000000000	0.0000000596
268	0.2617187500	16.1647033691	16.1647033691	0.0000000000	0.0000000298
269	0.2626953125	16.2107944489	16.2107944489	0.0000000000	0.0000000000
270	0.2636718750	16.2570571899	16.2570571899	0.0000000000	0.0000000000
271	0.2646484375	16.3034915924	16.3034915924	0.0000000000	0.0000000000
272	0.2656250000	16.3500976563	16.3500976562	0.0000000000	0.0000000596
273	0.2666015625	16.3968753815	16.3968753815	0.0000000000	0.0000000000
274	0.2675781250	16.4438247681	16.4438247681	0.0000000000	0.0000000596
275	0.2685546875	16.4909458160	16.4909458160	0.0000000000	0.0000000000
276	0.2695312500	16.5382385254	16.5382385254	0.0000000000	0.0000000000
277	0.2705078125	16.5857028961	16.5857028961	0.0000000000	0.0000000298
278	0.2714843750	16.6333389282	16.6333389282	0.0000000000	0.0000000000
279	0.2724609375	16.6811466217	16.6811466217	0.0000000000	0.0000000000
280	0.2734375000	16.7291259766	16.7291259766	0.0000000000	0.0000000000
281	0.2744140625	16.7772769928	16.7772769928	0.0000000000	0.0000000298
282	0.2753906250	16.8255996704	16.8255996704	0.0000000000	0.0000000596
283	0.2763671875	16.8740940094	16.8740940094	0.0000000000	0.0000000596
284	0.2773437500	16.9227600098	16.9227600098	0.0000000000	0.0000000298
285	0.2783203125	16.9715976715	16.9715976715	0.0000000000	0.0000000000
286	0.2792968750	17.0206069946	17.0206069946	0.0000000000	0.0000000894
287	0.2802734375	17.0697879791	17.0697879791	0.0000000000	0.0000000000
288	0.2812500000	17.1191406250	17.1191406250	0.0000000000	0.0000000596
289	0.2822265625	17.1686649323	17.1686649323	0.0000000000	0.0000000000
290	0.2832031250	17.2183609009	17.2183609009	0.0000000000	0.0000000596
291	0.2841796875	17.2682285309	17.2682285309	0.0000000000	0.0000000000
292	0.2851562500	17.3182678223	17.3182678223	0.0000000000	0.0000000596
293	0.2861328125	17.3684787750	17.3684787750	0.0000000000	0.0000000000
294	0.2871093750	17.4188613892	17.4188613892	0.0000000000	0.0000000894
295	0.2880859375	17.4694156647	17.4694156647	0.0000000000	0.0000000596
296	0.2890625000	17.5201416016	17.5201416016	0.0000000000	0.0000000298
297	0.2900390625	17.5710391998	17.5710391998	0.0000000000	0.0000000298
298	0.2910156250	17.6221084595	17.6221084595	0.0000000000	0.0000000000
299	0.2919921875	17.6733493805	17.6733493805	0.0000000000	0.0000000298
300	0.2929687500	17.7247619629	17.7247619629	0.0000000000	0.0000000298
301	0.2939453125	17.7763462067	17.7763462067	0.0000000000	0.0000000000
302	0.2949218750	17.8281021118	17.8281021118	0.0000000000	0.0000000298
303	0.2958984375	17.8800296783	17.8800296783	0.0000000000	0.0000000000
304	0.2968750000	17.9321289063	17.9321289062	0.0000000000	0.0000000000
305	0.2978515625	17.9843997955	17.9843997955	0.0000000000	0.0000000894
306	0.2988281250	18.0368423462	18.0368423462	0.0000000000	0.0000000298
307	0.2998046875	18.0894565582	18.0894565582	0.0000000000	0.0000000298
308	0.3007812500	18.1422424316	18.1422424316	0.0000000000	0.0000000298
309	0.3017578125	18.1951999664	18.1951999664	0.0000000000	0.0000000000
310	0.3027343750	18.2483291626	18.2483291626	0.0000000000	0.0000000298
311	0.3037109375	18.3016300201	18.3016300201	0.0000000000	0.0000000000
312	0.3046875000	18.3551025391	18.3551025391	0.0000000000	0.0000000298
313	0.3056640625	18.4087467194	18.4087467194	0.0000000000	0.0000000596
314	0.3066406250	18.4625625610	18.4625625610	0.0000000000	0.0000000000
315	0.3076171875	18.5165500641	18.5165500641	0.0000000000	0.0000000596
316	0.3085937500	18.5707092285	18.5707092285	0.0000000000	0.0000000000
317	0.3095703125	18.6250400543	18.6250400543	0.0000000000	0.0000000000
318	0.3105468750	18.6795425415	18.6795425415	0.0000000000	0.0000000000
319	0.3115234375	18.7342166901	18.7342166901	0.0000000000	0.0000000298
320	0.3125000000	18.7890625000	18.7890625000	0.0000000000	0.0000000000
321	0.3134765625	18.8440799713	18.8440799713	0.0000000000	0.0000000298
322	0.3144531250	18.8992691040	18.8992691040	0.0000000000	0.0000000000
323	0.3154296875	18.9546298981	18.9546298981	0.0000000000	0.0000000298
324	0.3164062500	19.0101623535	19.0101623535	0.0000000000	0.0000000596
325	0.3173828125	19.0658664703	19.0658664703	0.0000000000	0.0000000298
326	0.3183593750	19.1217422485	19.1217422485	0.0000000000	0.0000000000
327	0.3193359375	19.1777896881	19.1777896881	0.0000000000	0.0000000894
328	0.3203125000	19.2340087891	19.2340087891	0.0000000000	0.0000000298
329	0.3212890625	19.2903995514	19.2903995514	0.0000000000	0.0000000000
330	0.3222656250	19.3469619751	19.3469619751	0.0000000000	0.0000000000
331	0.3232421875	19.4036960602	19.4036960602	0.0000000000	0.0000000000
332	0.3242187500	19.4606018066	19.4606018066	0.0000000000	0.0000000000
333	0.3251953125	19.5176792145	19.5176792145	0.0000000000	0.0000000000
334	0.3261718750	19.5749282837	19.5749282837	0.0000000000	0.0000000000
335	0.3271484375	19.6323490143	19.6323490143	0.0000000000	0.0000000000
336	0.3281250000	19.6899414063	19.6899414062	0.0000000000	0.0000000000
337	0.3291015625	19.7477054596	19.7477054596	0.0000000000	0.0000000298
338	0.3300781250	19.8056411743	19.8056411743	0.0000000000	0.0000000894
339	0.3310546875	19.8637485504	19.8637485504	0.0000000000	0.0000000000
340	0.3320312500	19.9220275879	19.9220275879	0.0000000000	0.0000000000
341	0.3330078125	19.9804782867	19.9804782867	0.0000000000	0.0000000298
342	0.3339843750	20.0391006470	20.0391006470	0.0000000000	0.0000000298
343	0.3349609375	20.0978946686	20.0978946686	0.0000000000	0.0000000298
344	0.3359375000	20.1568603516	20.1568603516	0.0000000000	0.0000000298
345	0.3369140625	20.2159976959	20.2159976959	0.0000000000	0.0000000000
346	0.3378906250	20.2753067017	20.2753067017	0.0000000000	0.0000000298
347	0.3388671875	20.3347873688	20.3347873688	0.0000000000	0.0000000298
348	0.3398437500	20.3944396973	20.3944396973	0.0000000000	0.0000000298
349	0.3408203125	20.4542636871	20.4542636871	0.0000000000	0.0000000298
350	0.3417968750	20.5142593384	20.5142593384	0.0000000000	0.0000000000
351	0.3427734375	20.5744266510	20.5744266510	0.0000000000	0.0000000298
352	0.3437500000	20.6347656250	20.6347656250	0.0000000000	0.0000000000
353	0.3447265625	20.6952762604	20.6952762604	0.0000000000	0.0000000298
354	0.3457031250	20.7559585571	20.7559585571	0.0000000000	0.0000000000
355	0.3466796875	20.8168125153	20.8168125153	0.0000000000	0.0000000298
356	0.3476562500	20.8778381348	20.8778381348	0.0000000000	0.0000000596
357	0.3486328125	20.9390354157	20.9390354156	0.0000000000	0.0000000298
358	0.3496093750	21.0004043579	21.0004043579	0.0000000000	0.0000000000
359	0.3505859375	21.0619449616	21.0619449615	0.0000000000	0.0000000000
360	0.3515625000	21.1236572266	21.1236572266	0.0000000000	0.0000000596
361	0.3525390625	21.1855411530	21.1855411530	0.0000000000	0.0000000000
362	0.3535156250	21.2475967407	21.2475967407	0.0000000000	0.0000000596
363	0.3544921875	21.3098239899	21.3098239899	0.0000000000	0.0000000000
364	0.3554687500	21.3722229004	21.3722229004	0.0000000000	0.0000000596
365	0.3564453125	21.4347934723	21.4347934723	0.0000000000	0.0000001192
366	0.3574218750	21.4975357056	21.4975357056	0.0000000000	0.0000001192
367	0.3583984375	21.5604496002	21.5604496002	0.0000000000	0.0000001192
368	0.3593750000	21.6235351563	21.6235351562	0.0000000000	0.0000001192
369	0.3603515625	21.6867923737	21.6867923737	0.0000000000	0.0000001192
370	0.3613281250	21.7502212524	21.7502212524	0.0000000000	0.0000001192
371	0.3623046875	21.8138217926	21.8138217926	0.0000000000	0.0000001192
372	0.3632812500	21.8775939941	21.8775939941	0.0000000000	0.0000000596
373	0.3642578125	21.9415378571	21.9415378571	0.0000000000	0.0000000000
374	0.3652343750	22.0056533814	22.0056533813	0.0000000000	0.0000000000
375	0.3662109375	22.0699405670	22.0699405670	0.0000000000	0.0000000000
376	0.3671875000	22.1343994141	22.1343994141	0.0000000000	0.0000000596
377	0.3681640625	22.1990299225	22.1990299225	0.0000000000	0.0000001192
378	0.3691406250	22.2638320923	22.2638320923	0.0000000000	0.0000000596
379	0.3701171875	22.3288059235	22.3288059235	0.0000000000	0.0000000596
380	0.3710937500	22.3939514160	22.3939514160	0.0000000000	0.0000000596
381	0.3720703125	22.4592685700	22.4592685699	0.0000000000	0.0000000596
382	0.3730468750	22.5247573853	22.5247573853	0.0000000000	0.0000001192
383	0.3740234375	22.5904178619	22.5904178619	0.0000000000	0.0000000596
384	0.3750000000	22.6562500000	22.6562500000	0.0000000000	0.0000000000
385	0.3759765625	22.7222537994	22.7222537994	0.0000000000	0.0000000000
386	0.3769531250	22.7884292603	22.7884292603	0.0000000000	0.0000000000
387	0.3779296875	22.8547763825	22.8547763824	0.0000000000	0.0000000596
388	0.3789062500	22.9212951660	22.9212951660	0.0000000000	0.0000000000
389	0.3798828125	22.9879856110	22.9879856110	0.0000000000	0.0000000000
390	0.3808593750	23.0548477173	23.0548477173	0.0000000000	0.0000000000
391	0.3818359375	23.1218814850	23.1218814850	0.0000000000	0.0000000000
392	0.3828125000	23.1890869141	23.1890869141	0.0000000000	0.0000000000
393	0.3837890625	23.2564640045	23.2564640045	0.0000000000	0.0000000000
394	0.3847656250	23.3240127564	23.3240127563	0.0000000000	0.0000001192
395	0.3857421875	23.3917331696	23.3917331696	0.0000000000	0.0000001192
396	0.3867187500	23.4596252441	23.4596252441	0.0000000000	0.0000000596
397	0.3876953125	23.5276889801	23.5276889801	0.0000000000	0.0000000000
398	0.3886718750	23.5959243774	23.5959243774	0.0000000000	0.0000000596
399	0.3896484375	23.6643314362	23.6643314362	0.0000000000	0.0000000000
400	0.3906250000	23.7329101563	23.7329101562	0.0000000000	0.0000000596
401	0.3916015625	23.8016605377	23.8016605377	0.0000000000	0.0000000596
402	0.3925781250	23.8705825806	23.8705825806	0.0000000000	0.0000000000
403	0.3935546875	23.9396762848	23.9396762848	0.0000000000	0.0000000000
404	0.3945312500	24.0089416504	24.0089416504	0.0000000000	0.0000000000
405	0.3955078125	24.0783786774	24.0783786774	0.0000000000	0.0000000000
406	0.3964843750	24.1479873657	24.1479873657	0.0000000000	0.0000000596
407	0.3974609375	24.2177677155	24.2177677155	0.0000000000	0.0000000596
408	0.3984375000	24.2877197266	24.2877197266	0.0000000000	0.0000000596
409	0.3994140625	24.3578433991	24.3578433990	0.0000000000	0.0000000596
410	0.4003906250	24.4281387329	24.4281387329	0.0000000000	0.0000000000
411	0.4013671875	24.4986057282	24.4986057281	0.0000000000	0.0000000596
412	0.4023437500	24.5692443848	24.5692443848	0.0000000000	0.0000000596
413	0.4033203125	24.6400547028	24.6400547028	0.0000000000	0.0000000596
414	0.4042968750	24.7110366821	24.7110366821	0.0000000000	0.0000000000
415	0.4052734375	24.7821903229	24.7821903229	0.0000000000	0.0000000000
416	0.4062500000	24.8535156250	24.8535156250	0.0000000000	0.0000000000
417	0.4072265625	24.9250125885	24.9250125885	0.0000000000	0.0000000000
418	0.4082031250	24.9966812134	24.9966812134	0.0000000000	0.0000000000
419	0.4091796875	25.0685214996	25.0685214996	0.0000000000	0.0000001192
420	0.4101562500	25.1405334473	25.1405334473	0.0000000000	0.0000000000
421	0.4111328125	25.2127170563	25.2127170563	0.0000000000	0.0000000596
422	0.4121093750	25.2850723267	25.2850723267	0.0000000000	0.0000000000
423	0.4130859375	25.3575992584	25.3575992584	0.0000000000	0.0000000596
424	0.4140625000	25.4302978516	25.4302978516	0.0000000000	0.0000000000
425	0.4150390625	25.5031681061	25.5031681061	0.0000000000	0.0000000596
426	0.4160156250	25.5762100220	25.5762100220	0.0000000000	0.0000000000
427	0.4169921875	25.6494235992	25.6494235992	0.0000000000	0.0000000596
428	0.4179687500	25.7228088379	25.7228088379	0.0000000000	0.0000000000
429	0.4189453125	25.7963657379	25.7963657379	0.0000000000	0.0000000596
430	0.4199218750	25.8700942993	25.8700942993	0.0000000000	0.0000000000
431	0.4208984375	25.9439945221	25.9439945221	0.0000000000	0.0000001192
432	0.4218750000	26.0180664063	26.0180664062	0.0000000000	0.0000000596
433	0.4228515625	26.0923099518	26.0923099518	0.0000000000	0.0000001192
434	0.4238281250	26.1667251587	26.1667251587	0.0000000000	0.0000000596
435	0.4248046875	26.2413120270	26.2413120270	0.0000000000	0.0000000596
436	0.4257812500	26.3160705566	26.3160705566	0.0000000000	0.0000000596
437	0.4267578125	26.3910007477	26.3910007477	0.0000000000	0.0000000596
438	0.4277343750	26.4661026001	26.4661026001	0.0000000000	0.0000000596
439	0.4287109375	26.5413761139	26.5413761139	0.0000000000	0.0000000596
440	0.4296875000	26.6168212891	26.6168212891	0.0000000000	0.0000000596
441	0.4306640625	26.6924381256	26.6924381256	0.0000000000	0.0000000596
442	0.4316406250	26.7682266235	26.7682266235	0.0000000000	0.0000000596
443	0.4326171875	26.8441867828	26.8441867828	0.0000000000	0.0000000596
444	0.4335937500	26.9203186035	26.9203186035	0.0000000000	0.0000000596
445	0.4345703125	26.9966220856	26.9966220856	0.0000000000	0.0000000596
446	0.4355468750	27.0730972290	27.0730972290	0.0000000000	0.0000001788
447	0.4365234375	27.1497440338	27.1497440338	0.0000000000	0.0000000596
448	0.4375000000	27.2265625000	27.2265625000	0.0000000000	0.0000000596
449	0.4384765625	27.3035526276	27.3035526276	0.0000000000	0.0000000000
450	0.4394531250	27.3807144165	27.3807144165	0.0000000000	0.0000000000
451	0.4404296875	27.4580478668	27.4580478668	0.0000000000	0.0000000596
452	0.4414062500	27.5355529785	27.5355529785	0.0000000000	0.0000000596
453	0.4423828125	27.6132297516	27.6132297516	0.0000000000	0.0000000000
454	0.4433593750	27.6910781860	27.6910781860	0.0000000000	0.0000000000
455	0.4443359375	27.7690982819	27.7690982819	0.0000000000	0.0000000596
456	0.4453125000	27.8472900391	27.8472900391	0.0000000000	0.0000000596
457	0.4462890625	27.9256534576	27.9256534576	0.0000000000	0.0000000000
458	0.4472656250	28.0041885376	28.0041885376	0.0000000000	0.0000000000
459	0.4482421875	28.0828952789	28.0828952789	0.0000000000	0.0000000596
460	0.4492187500	28.1617736816	28.1617736816	0.0000000000	0.0000000596
461	0.4501953125	28.2408237457	28.2408237457	0.0000000000	0.0000000000
462	0.4511718750	28.3200454712	28.3200454712	0.0000000000	0.0000001192
463	0.4521484375	28.3994388580	28.3994388580	0.0000000000	0.0000000000
464	0.4531250000	28.4790039063	28.4790039062	0.0000000000	0.0000000596
465	0.4541015625	28.5587406159	28.5587406158	0.0000000000	0.0000000000
466	0.4550781250	28.6386489868	28.6386489868	0.0000000000	0.0000000596
467	0.4560546875	28.7187290192	28.7187290192	0.0000000000	0.0000001192
468	0.4570312500	28.7989807129	28.7989807129	0.0000000000	0.0000000596
469	0.4580078125	28.8794040680	28.8794040680	0.0000000000	0.0000000000
470	0.4589843750	28.9599990845	28.9599990845	0.0000000000	0.0000000596
471	0.4599609375	29.0407657623	29.0407657623	0.0000000000	0.0000000000
472	0.4609375000	29.1217041016	29.1217041016	0.0000000000	0.0000000000
473	0.4619140625	29.2028141022	29.2028141022	0.0000000000	0.0000000596
474	0.4628906250	29.2840957642	29.2840957642	0.0000000000	0.0000000000
475	0.4638671875	29.3655490875	29.3655490875	0.0000000000	0.0000000000
476	0.4648437500	29.4471740723	29.4471740723	0.0000000000	0.0000000596
477	0.4658203125	29.5289707184	29.5289707184	0.0000000000	0.0000000596
478	0.4667968750	29.6109390259	29.6109390259	0.0000000000	0.0000000596
479	0.4677734375	29.6930789948	29.6930789948	0.0000000000	0.0000000000
480	0.4687500000	29.7753906250	29.7753906250	0.0000000000	0.0000000596
481	0.4697265625	29.8578739166	29.8578739166	0.0000000000	0.0000000000
482	0.4707031250	29.9405288696	29.9405288696	0.0000000000	0.0000000596
483	0.4716796875	30.0233554840	30.0233554840	0.0000000000	0.0000001192
484	0.4726562500	30.1063537598	30.1063537598	0.0000000000	0.0000000000
485	0.4736328125	30.1895236969	30.1895236969	0.0000000000	0.0000001192
486	0.4746093750	30.2728652954	30.2728652954	0.0000000000	0.0000000596
487	0.4755859375	30.3563785553	30.3563785553	0.0000000000	0.0000001192
488	0.4765625000	30.4400634766	30.4400634766	0.0000000000	0.0000001192
489	0.4775390625	30.5239200592	30.5239200592	0.0000000000	0.0000000000
490	0.4785156250	30.6079483032	30.6079483032	0.0000000000	0.0000001192
491	0.4794921875	30.6921482086	30.6921482086	0.0000000000	0.0000001192
492	0.4804687500	30.7765197754	30.7765197754	0.0000000000	0.0000000596
493	0.4814453125	30.8610630035	30.8610630035	0.0000000000	0.0000000596
494	0.4824218750	30.9457778931	30.9457778931	0.0000000000	0.0000000000
495	0.4833984375	31.0306644440	31.0306644440	0.0000000000	0.0000000000
496	0.4843750000	31.1157226563	31.1157226562	0.0000000000	0.0000000596
497	0.4853515625	31.2009525299	31.2009525299	0.0000000000	0.0000000596
498	0.4863281250	31.2863540649	31.2863540649	0.0000000000	0.0000000000
499	0.4873046875	31.3719272614	31.3719272614	0.0000000000	0.0000000000
500	0.4882812500	31.4576721191	31.4576721191	0.0000000000	0.0000000596
501	0.4892578125	31.5435886383	31.5435886383	0.0000000000	0.0000000000
502	0.4902343750	31.6296768189	31.6296768188	0.0000000000	0.0000000596
503	0.4912109375	31.7159366608	31.7159366608	0.0000000000	0.0000001192
504	0.4921875000	31.8023681641	31.8023681641	0.0000000000	0.0000000596
505	0.4931640625	31.8889713287	31.8889713287	0.0000000000	0.0000000000
506	0.4941406250	31.9757461548	31.9757461548	0.0000000000	0.0000000596
507	0.4951171875	32.0626926422	32.0626926422	0.0000000000	0.0000000000
508	0.4960937500	32.1498107910	32.1498107910	0.0000000000	0.0000000000
509	0.4970703125	32.2371006012	32.2371006012	0.0000000000	0.0000000000
510	0.4980468750	32.3245620728	32.3245620728	0.0000000000	0.0000000596
511	0.4990234375	32.4121952057	32.4121952057	0.0000000000	0.0000000596
512	0.5000000000	32.5000000000	32.5000000000	0.0000000000	0.0000001192
513	0.5009765625	32.5879764557	32.5879764557	0.0000000000	0.0000000000
514	0.5019531250	32.6761245728	32.6761245728	0.0000000000	0.0000000000
515	0.5029296875	32.7644443512	32.7644443512	0.0000000000	0.0000000596
516	0.5039062500	32.8529357910	32.8529357910	0.0000000000	0.0000001192
517	0.5048828125	32.9415988922	32.9415988922	0.0000000000	0.0000001192
518	0.5058593750	33.0304336548	33.0304336548	0.0000000000	0.0000000000
519	0.5068359375	33.1194400787	33.1194400787	0.0000000000	0.0000000000
520	0.5078125000	33.2086181641	33.2086181641	0.0000000000	0.0000000000
521	0.5087890625	33.2979679108	33.2979679108	0.0000000000	0.0000001192
522	0.5097656250	33.3874893189	33.3874893188	0.0000000000	0.0000001192
523	0.5107421875	33.4771823883	33.4771823883	0.0000000000	0.0000001192
524	0.5117187500	33.5670471191	33.5670471191	0.0000000000	0.0000000000
525	0.5126953125	33.6570835114	33.6570835114	0.0000000000	0.0000001192
526	0.5136718750	33.7472915649	33.7472915649	0.0000000000	0.0000001192
527	0.5146484375	33.8376712799	33.8376712799	0.0000000000	0.0000000000
528	0.5156250000	33.9282226563	33.9282226562	0.0000000000	0.0000001192
529	0.5166015625	34.0189456940	34.0189456940	0.0000000000	0.0000000000
530	0.5175781250	34.1098403931	34.1098403931	0.0000000000	0.0000000000
531	0.5185546875	34.2009067535	34.2009067535	0.0000000000	0.0000000000
532	0.5195312500	34.2921447754	34.2921447754	0.0000000000	0.0000000000
533	0.5205078125	34.3835544586	34.3835544586	0.0000000000	0.0000001788
534	0.5214843750	34.4751358032	34.4751358032	0.0000000000	0.0000000000
535	0.5224609375	34.5668888092	34.5668888092	0.0000000000	0.0000000596
536	0.5234375000	34.6588134766	34.6588134766	0.0000000000	0.0000000000
537	0.5244140625	34.7509098053	34.7509098053	0.0000000000	0.0000000596
538	0.5253906250	34.8431777954	34.8431777954	0.0000000000	0.0000000000
539	0.5263671875	34.9356174469	34.9356174469	0.0000000000	0.0000001788
540	0.5273437500	35.0282287598	35.0282287598	0.0000000000	0.0000000596
541	0.5283203125	35.1210117340	35.1210117340	0.0000000000	0.0000000000
542	0.5292968750	35.2139663696	35.2139663696	0.0000000000	0.0000000596
543	0.5302734375	35.3070926666	35.3070926666	0.0000000000	0.0000000596
544	0.5312500000	35.4003906250	35.4003906250	0.0000000000	0.0000000000
545	0.5322265625	35.4938602448	35.4938602448	0.0000000000	0.0000000596
546	0.5332031250	35.5875015259	35.5875015259	0.0000000000	0.0000001192
547	0.5341796875	35.6813144684	35.6813144684	0.0000000000	0.0000001192
548	0.5351562500	35.7752990723	35.7752990723	0.0000000000	0.0000000000
549	0.5361328125	35.8694553375	35.8694553375	0.0000000000	0.0000001192
550	0.5371093750	35.9637832642	35.9637832642	0.0000000000	0.0000000000
551	0.5380859375	36.0582828522	36.0582828522	0.0000000000	0.0000000000
552	0.5390625000	36.1529541016	36.1529541016	0.0000000000	0.0000000596
553	0.5400390625	36.2477970123	36.2477970123	0.0000000000	0.0000000000
554	0.5410156250	36.3428115845	36.3428115845	0.0000000000	0.0000000000
555	0.5419921875	36.4379978180	36.4379978180	0.0000000000	0.0000001192
556	0.5429687500	36.5333557129	36.5333557129	0.0000000000	0.0000000596
557	0.5439453125	36.6288852692	36.6288852692	0.0000000000	0.0000000000
558	0.5449218750	36.7245864868	36.7245864868	0.0000000000	0.0000001192
559	0.5458984375	36.8204593659	36.8204593658	0.0000000000	0.0000001192
560	0.5468750000	36.9165039063	36.9165039062	0.0000000000	0.0000000000
561	0.5478515625	37.0127201080	37.0127201080	0.0000000000	0.0000000000
562	0.5488281250	37.1091079712	37.1091079712	0.0000000000	0.0000000596
563	0.5498046875	37.2056674957	37.2056674957	0.0000000000	0.0000000000
564	0.5507812500	37.3023986816	37.3023986816	0.0000000000	0.0000000000
565	0.5517578125	37.3993015289	37.3993015289	0.0000000000	0.0000000000
566	0.5527343750	37.4963760376	37.4963760376	0.0000000000	0.0000000000
567	0.5537109375	37.5936222076	37.5936222076	0.0000000000	0.0000000000
568	0.5546875000	37.6910400391	37.6910400391	0.0000000000	0.0000000000
569	0.5556640625	37.7886295319	37.7886295319	0.0000000000	0.0000000000
570	0.5566406250	37.8863906860	37.8863906860	0.0000000000	0.0000000000
571	0.5576171875	37.9843235016	37.9843235016	0.0000000000	0.0000000000
572	0.5585937500	38.0824279785	38.0824279785	0.0000000000	0.0000000596
573	0.5595703125	38.1807041168	38.1807041168	0.0000000000	0.0000001192
574	0.5605468750	38.2791519165	38.2791519165	0.0000000000	0.0000001192
575	0.5615234375	38.3777713776	38.3777713776	0.0000000000	0.0000000000
576	0.5625000000	38.4765625000	38.4765625000	0.0000000000	0.0000000000
577	0.5634765625	38.5755252838	38.5755252838	0.0000000000	0.0000000000
578	0.5644531250	38.6746597290	38.6746597290	0.0000000000	0.0000000596
579	0.5654296875	38.7739658356	38.7739658356	0.0000000000	0.0000000596
580	0.5664062500	38.8734436035	38.8734436035	0.0000000000	0.0000000596
581	0.5673828125	38.9730930328	38.9730930328	0.0000000000	0.0000000596
582	0.5683593750	39.0729141235	39.0729141235	0.0000000000	0.0000000000
583	0.5693359375	39.1729068756	39.1729068756	0.0000000000	0.0000001192
584	0.5703125000	39.2730712891	39.2730712891	0.0000000000	0.0000000000
585	0.5712890625	39.3734073639	39.3734073639	0.0000000000	0.0000001192
586	0.5722656250	39.4739151001	39.4739151001	0.0000000000	0.0000001192
587	0.5732421875	39.5745944977	39.5745944977	0.0000000000	0.0000000000
588	0.5742187500	39.6754455566	39.6754455566	0.0000000000	0.0000001192
589	0.5751953125	39.7764682770	39.7764682770	0.0000000000	0.0000001788
590	0.5761718750	39.8776626587	39.8776626587	0.0000000000	0.0000000000
591	0.5771484375	39.9790287018	39.9790287018	0.0000000000	0.0000000596
592	0.5781250000	40.0805664063	40.0805664062	0.0000000000	0.0000000000
593	0.5791015625	40.1822757721	40.1822757721	0.0000000000	0.0000001192
594	0.5800781250	40.2841567993	40.2841567993	0.0000000000	0.0000001192
595	0.5810546875	40.3862094879	40.3862094879	0.0000000000	0.0000000000
596	0.5820312500	40.4884338379	40.4884338379	0.0000000000	0.0000000000
597	0.5830078125	40.5908298493	40.5908298492	0.0000000000	0.0000000596
598	0.5839843750	40.6933975220	40.6933975220	0.0000000000	0.0000000000
599	0.5849609375	40.7961368561	40.7961368561	0.0000000000	0.0000000000
600	0.5859375000	40.8990478516	40.8990478516	0.0000000000	0.0000001192
601	0.5869140625	41.0021305084	41.0021305084	0.0000000000	0.0000000596
602	0.5878906250	41.1053848267	41.1053848267	0.0000000000	0.0000000000
603	0.5888671875	41.2088108063	41.2088108063	0.0000000000	0.0000000596
604	0.5898437500	41.3124084473	41.3124084473	0.0000000000	0.0000000000
605	0.5908203125	41.4161777496	41.4161777496	0.0000000000	0.0000000596
606	0.5917968750	41.5201187134	41.5201187134	0.0000000000	0.0000000000
607	0.5927734375	41.6242313385	41.6242313385	0.0000000000	0.0000000000
608	0.5937500000	41.7285156250	41.7285156250	0.0000000000	0.0000000000
609	0.5947265625	41.8329715729	41.8329715729	0.0000000000	0.0000000000
610	0.5957031250	41.9375991821	41.9375991821	0.0000000000	0.0000000000
611	0.5966796875	42.0423984528	42.0423984528	0.0000000000	0.0000000000
612	0.5976562500	42.1473693848	42.1473693848	0.0000000000	0.0000000000
613	0.5986328125	42.2525119782	42.2525119781	0.0000000000	0.0000001192
614	0.5996093750	42.3578262329	42.3578262329	0.0000000000	0.0000001192
615	0.6005859375	42.4633121491	42.4633121490	0.0000000000	0.0000001192
616	0.6015625000	42.5689697266	42.5689697266	0.0000000000	0.0000000000
617	0.6025390625	42.6747989655	42.6747989655	0.0000000000	0.0000000000
618	0.6035156250	42.7807998657	42.7807998657	0.0000000000	0.0000001192
619	0.6044921875	42.8869724274	42.8869724274	0.0000000000	0.0000000000
620	0.6054687500	42.9933166504	42.9933166504	0.0000000000	0.0000000000
621	0.6064453125	43.0998325348	43.0998325348	0.0000000000	0.0000000000
622	0.6074218750	43.2065200806	43.2065200806	0.0000000000	0.0000000000
623	0.6083984375	43.3133792877	43.3133792877	0.0000000000	0.0000000000
624	0.6093750000	43.4204101563	43.4204101562	0.0000000000	0.0000000000
625	0.6103515625	43.5276126862	43.5276126862	0.0000000000	0.0000000000
626	0.6113281250	43.6349868775	43.6349868774	0.0000000000	0.0000000000
627	0.6123046875	43.7425327301	43.7425327301	0.0000000000	0.0000001192
628	0.6132812500	43.8502502441	43.8502502441	0.0000000000	0.0000001192
629	0.6142578125	43.9581394196	43.9581394196	0.0000000000	0.0000001192
630	0.6152343750	44.0662002564	44.0662002563	0.0000000000	0.0000000000
631	0.6162109375	44.1744327545	44.1744327545	0.0000000000	0.0000000000
632	0.6171875000	44.2828369141	44.2828369141	0.0000000000	0.0000001192
633	0.6181640625	44.3914127350	44.3914127350	0.0000000000	0.0000001192
634	0.6191406250	44.5001602173	44.5001602173	0.0000000000	0.0000002384
635	0.6201171875	44.6090793610	44.6090793610	0.0000000000	0.0000001192
636	0.6210937500	44.7181701660	44.7181701660	0.0000000000	0.0000001192
637	0.6220703125	44.8274326325	44.8274326324	0.0000000000	0.0000000000
638	0.6230468750	44.9368667603	44.9368667603	0.0000000000	0.0000001192
639	0.6240234375	45.0464725494	45.0464725494	0.0000000000	0.0000000000
640	0.6250000000	45.1562500000	45.1562500000	0.0000000000	0.0000001192
641	0.6259765625	45.2661991119	45.2661991119	0.0000000000	0.0000000000
642	0.6269531250	45.3763198853	45.3763198853	0.0000000000	0.0000001192
643	0.6279296875	45.4866123200	45.4866123199	0.0000000000	0.0000000000
644	0.6289062500	45.5970764160	45.5970764160	0.0000000000	0.0000000000
645	0.6298828125	45.7077121735	45.7077121735	0.0000000000	0.0000001192
646	0.6308593750	45.8185195923	45.8185195923	0.0000000000	0.0000000000
647	0.6318359375	45.9294986725	45.9294986725	0.0000000000	0.0000001192
648	0.6328125000	46.0406494141	46.0406494141	0.0000000000	0.0000001192
649	0.6337890625	46.1519718170	46.1519718170	0.0000000000	0.0000000000
650	0.6347656250	46.2634658814	46.2634658813	0.0000000000	0.0000000000
651	0.6357421875	46.3751316071	46.3751316071	0.0000000000	0.0000000000
652	0.6367187500	46.4869689942	46.4869689941	0.0000000000	0.0000001192
653	0.6376953125	46.5989780426	46.5989780426	0.0000000000	0.0000002384
654	0.6386718750	46.7111587525	46.7111587524	0.0000000000	0.0000000000
655	0.6396484375	46.8235111237	46.8235111237	0.0000000000	0.0000002384
656	0.6406250000	46.9360351563	46.9360351562	0.0000000000	0.0000000000
657	0.6416015625	47.0487308502	47.0487308502	0.0000000000	0.0000002384
658	0.6425781250	47.1615982056	47.1615982056	0.0000000000	0.0000001192
659	0.6435546875	47.2746372223	47.2746372223	0.0000000000	0.0000000000
660	0.6445312500	47.3878479004	47.3878479004	0.0000000000	0.0000001192
661	0.6455078125	47.5012302399	47.5012302399	0.0000000000	0.0000001192
662	0.6464843750	47.6147842407	47.6147842407	0.0000000000	0.0000000000
663	0.6474609375	47.7285099030	47.7285099030	0.0000000000	0.0000000000
664	0.6484375000	47.8424072266	47.8424072266	0.0000000000	0.0000000000
665	0.6494140625	47.9564762116	47.9564762115	0.0000000000	0.0000000000
666	0.6503906250	48.0707168579	48.0707168579	0.0000000000	0.0000000000
667	0.6513671875	48.1851291657	48.1851291656	0.0000000000	0.0000000000
668	0.6523437500	48.2997131348	48.2997131348	0.0000000000	0.0000001192
669	0.6533203125	48.4144687653	48.4144687653	0.0000000000	0.0000001192
670	0.6542968750	48.5293960571	48.5293960571	0.0000000000	0.0000001192
671	0.6552734375	48.6444950104	48.6444950104	0.0000000000	0.0000001192
672	0.6562500000	48.7597656250	48.7597656250	0.0000000000	0.0000000000
673	0.6572265625	48.8752079010	48.8752079010	0.0000000000	0.0000000000
674	0.6582031250	48.9908218384	48.9908218384	0.0000000000	0.0000000000
675	0.6591796875	49.1066074371	49.1066074371	0.0000000000	0.0000001192
676	0.6601562500	49.2225646973	49.2225646973	0.0000000000	0.0000002384
677	0.6611328125	49.3386936188	49.3386936188	0.0000000000	0.0000000000
678	0.6621093750	49.4549942017	49.4549942017	0.0000000000	0.0000002384
679	0.6630859375	49.5714664459	49.5714664459	0.0000000000	0.0000001192
680	0.6640625000	49.6881103516	49.6881103516	0.0000000000	0.0000002384
681	0.6650390625	49.8049259186	49.8049259186	0.0000000000	0.0000001192
682	0.6660156250	49.9219131470	49.9219131470	0.0000000000	0.0000001192
683	0.6669921875	50.0390720368	50.0390720367	0.0000000000	0.0000001192
684	0.6679687500	50.1564025879	50.1564025879	0.0000000000	0.0000000000
685	0.6689453125	50.2739048004	50.2739048004	0.0000000000	0.0000000000
686	0.6699218750	50.3915786743	50.3915786743	0.0000000000	0.0000001192
687	0.6708984375	50.5094242096	50.5094242096	0.0000000000	0.0000001192
688	0.6718750000	50.6274414063	50.6274414062	0.0000000000	0.0000001192
689	0.6728515625	50.7456302643	50.7456302643	0.0000000000	0.0000002384
690	0.6738281250	50.8639907837	50.8639907837	0.0000000000	0.0000001192
691	0.6748046875	50.9825229645	50.9825229645	0.0000000000	0.0000000000
692	0.6757812500	51.1012268067	51.1012268066	0.0000000000	0.0000000000
693	0.6767578125	51.2201023102	51.2201023102	0.0000000000	0.0000001192
694	0.6777343750	51.3391494751	51.3391494751	0.0000000000	0.0000001192
695	0.6787109375	51.4583683014	51.4583683014	0.0000000000	0.0000001192
696	0.6796875000	51.5777587891	51.5777587891	0.0000000000	0.0000002384
697	0.6806640625	51.6973209381	51.6973209381	0.0000000000	0.0000002384
698	0.6816406250	51.8170547485	51.8170547485	0.0000000000	0.0000001192
699	0.6826171875	51.9369602203	51.9369602203	0.0000000000	0.0000000000
700	0.6835937500	52.0570373535	52.0570373535	0.0000000000	0.0000001192
701	0.6845703125	52.1772861481	52.1772861481	0.0000000000	0.0000001192
702	0.6855468750	52.2977066040	52.2977066040	0.0000000000	0.0000000000
703	0.6865234375	52.4182987213	52.4182987213	0.0000000000	0.0000000000
704	0.6875000000	52.5390625000	52.5390625000	0.0000000000	0.0000000000
705	0.6884765625	52.6599979401	52.6599979401	0.0000000000	0.0000001192
706	0.6894531250	52.7811050415	52.7811050415	0.0000000000	0.0000001192
707	0.6904296875	52.9023838043	52.9023838043	0.0000000000	0.0000000000
708	0.6914062500	53.0238342285	53.0238342285	0.0000000000	0.0000000000
709	0.6923828125	53.1454563141	53.1454563141	0.0000000000	0.0000002384
710	0.6933593750	53.2672500610	53.2672500610	0.0000000000	0.0000000000
711	0.6943359375	53.3892154694	53.3892154694	0.0000000000	0.0000001192
712	0.6953125000	53.5113525391	53.5113525391	0.0000000000	0.0000000000
713	0.6962890625	53.6336612702	53.6336612701	0.0000000000	0.0000001192
714	0.6972656250	53.7561416626	53.7561416626	0.0000000000	0.0000000000
715	0.6982421875	53.8787937164	53.8787937164	0.0000000000	0.0000000000
716	0.6992187500	54.0016174317	54.0016174316	0.0000000000	0.0000001192
717	0.7001953125	54.1246128082	54.1246128082	0.0000000000	0.0000000000
718	0.7011718750	54.2477798462	54.2477798462	0.0000000000	0.0000000000
719	0.7021484375	54.3711185455	54.3711185455	0.0000000000	0.0000000000
720	0.7031250000	54.4946289063	54.4946289062	0.0000000000	0.0000000000
721	0.7041015625	54.6183109284	54.6183109283	0.0000000000	0.0000000000
722	0.7050781250	54.7421646118	54.7421646118	0.0000000000	0.0000000000
723	0.7060546875	54.8661899567	54.8661899567	0.0000000000	0.0000001192
724	0.7070312500	54.9903869629	54.9903869629	0.0000000000	0.0000000000
725	0.7080078125	55.1147556305	55.1147556305	0.0000000000	0.0000000000
726	0.7089843750	55.2392959595	55.2392959595	0.0000000000	0.0000001192
727	0.7099609375	55.3640079498	55.3640079498	0.0000000000	0.0000000000
728	0.7109375000	55.4888916016	55.4888916016	0.0000000000	0.0000001192
729	0.7119140625	55.6139469147	55.6139469147	0.0000000000	0.0000001192
730	0.7128906250	55.7391738892	55.7391738892	0.0000000000	0.0000002384
731	0.7138671875	55.8645725250	55.8645725250	0.0000000000	0.0000001192
732	0.7148437500	55.9901428223	55.9901428223	0.0000000000	0.0000000000
733	0.7158203125	56.1158847809	56.1158847809	0.0000000000	0.0000000000
734	0.7167968750	56.2417984009	56.2417984009	0.0000000000	0.0000001192
735	0.7177734375	56.3678836823	56.3678836823	0.0000000000	0.0000001192
736	0.7187500000	56.4941406250	56.4941406250	0.0000000000	0.0000000000
737	0.7197265625	56.6205692291	56.6205692291	0.0000000000	0.0000000000
738	0.7207031250	56.7471694946	56.7471694946	0.0000000000	0.0000002384
739	0.7216796875	56.8739414215	56.8739414215	0.0000000000	0.0000000000
740	0.7226562500	57.0008850098	57.0008850098	0.0000000000	0.0000000000
741	0.7236328125	57.1280002594	57.1280002594	0.0000000000	0.0000001192
742	0.7246093750	57.2552871704	57.2552871704	0.0000000000	0.0000002384
743	0.7255859375	57.3827457428	57.3827457428	0.0000000000	0.0000001192
744	0.7265625000	57.5103759766	57.5103759766	0.0000000000	0.0000000000
745	0.7275390625	57.6381778717	57.6381778717	0.0000000000	0.0000000000
746	0.7285156250	57.7661514282	57.7661514282	0.0000000000	0.0000001192
747	0.7294921875	57.8942966461	57.8942966461	0.0000000000	0.0000001192
748	0.7304687500	58.0226135254	58.0226135254	0.0000000000	0.0000000000
749	0.7314453125	58.1511020661	58.1511020660	0.0000000000	0.0000001192
750	0.7324218750	58.2797622681	58.2797622681	0.0000000000	0.0000001192
751	0.7333984375	58.4085941315	58.4085941315	0.0000000000	0.0000001192
752	0.7343750000	58.5375976563	58.5375976562	0.0000000000	0.0000001192
753	0.7353515625	58.6667728424	58.6667728424	0.0000000000	0.0000001192
754	0.7363281250	58.7961196900	58.7961196899	0.0000000000	0.0000001192
755	0.7373046875	58.9256381989	58.9256381989	0.0000000000	0.0000000000
756	0.7382812500	59.0553283692	59.0553283691	0.0000000000	0.0000000000
757	0.7392578125	59.1851902008	59.1851902008	0.0000000000	0.0000000000
758	0.7402343750	59.3152236939	59.3152236938	0.0000000000	0.0000000000
759	0.7412109375	59.4454288483	59.4454288483	0.0000000000	0.0000000000
760	0.7421875000	59.5758056641	59.5758056641	0.0000000000	0.0000001192
761	0.7431640625	59.7063541412	59.7063541412	0.0000000000	0.0000001192
762	0.7441406250	59.8370742798	59.8370742798	0.0000000000	0.0000000000
763	0.7451171875	59.9679660797	59.9679660797	0.0000000000	0.0000000000
764	0.7460937500	60.0990295410	60.0990295410	0.0000000000	0.0000000000
765	0.7470703125	60.2302646637	60.2302646637	0.0000000000	0.0000000000
766	0.7480468750	60.3616714478	60.3616714478	0.0000000000	0.0000001192
767	0.7490234375	60.4932498932	60.4932498932	0.0000000000	0.0000001192
768	0.7500000000	60.6250000000	60.6250000000	0.0000000000	0.0000000000
769	0.7509765625	60.7569217682	60.7569217682	0.0000000000	0.0000000000
770	0.7519531250	60.8890151978	60.8890151978	0.0000000000	0.0000000000
771	0.7529296875	61.0212802887	61.0212802887	0.0000000000	0.0000000000
772	0.7539062500	61.1537170410	61.1537170410	0.0000000000	0.0000001192
773	0.7548828125	61.2863254547	61.2863254547	0.0000000000	0.0000001192
774	0.7558593750	61.4191055298	61.4191055298	0.0000000000	0.0000000000
775	0.7568359375	61.5520572662	61.5520572662	0.0000000000	0.0000000000
776	0.7578125000	61.6851806641	61.6851806641	0.0000000000	0.0000000000
777	0.7587890625	61.8184757233	61.8184757233	0.0000000000	0.0000000000
778	0.7597656250	61.9519424439	61.9519424438	0.0000000000	0.0000001192
779	0.7607421875	62.0855808258	62.0855808258	0.0000000000	0.0000001192
780	0.7617187500	62.2193908692	62.2193908691	0.0000000000	0.0000000000
781	0.7626953125	62.3533725739	62.3533725739	0.0000000000	0.0000001192
782	0.7636718750	62.4875259400	62.4875259399	0.0000000000	0.0000000000
783	0.7646484375	62.6218509674	62.6218509674	0.0000000000	0.0000001192
784	0.7656250000	62.7563476563	62.7563476562	0.0000000000	0.0000001192
785	0.7666015625	62.8910160065	62.8910160065	0.0000000000	0.0000001192
786	0.7675781250	63.0258560181	63.0258560181	0.0000000000	0.0000000000
787	0.7685546875	63.1608676911	63.1608676910	0.0000000000	0.0000000000
788	0.7695312500	63.2960510254	63.2960510254	0.0000000000	0.0000001192
789	0.7705078125	63.4314060211	63.4314060211	0.0000000000	0.0000001192
790	0.7714843750	63.5669326782	63.5669326782	0.0000000000	0.0000000000
791	0.7724609375	63.7026309967	63.7026309967	0.0000000000	0.0000000000
792	0.7734375000	63.8385009766	63.8385009766	0.0000000000	0.0000001192
793	0.7744140625	63.9745426178	63.9745426178	0.0000000000	0.0000000000
794	0.7753906250	64.1107559204	64.1107559204	0.0000000000	0.0000001192
795	0.7763671875	64.2471408844	64.2471408844	0.0000000000	0.0000002384
796	0.7773437500	64.3836975098	64.3836975098	0.0000000000	0.0000003576
797	0.7783203125	64.5204257965	64.5204257965	0.0000000000	0.0000001192
798	0.7792968750	64.6573257446	64.6573257446	0.0000000000	0.0000001192
799	0.7802734375	64.7943973541	64.7943973541	0.0000000000	0.0000001192
800	0.7812500000	64.9316406250	64.9316406250	0.0000000000	0.0000000000
801	0.7822265625	65.0690555573	65.0690555573	0.0000000000	0.0000000000
802	0.7832031250	65.2066421509	65.2066421509	0.0000000000	0.0000003576
803	0.7841796875	65.3444004059	65.3444004059	0.0000000000	0.0000000000
804	0.7851562500	65.4823303223	65.4823303223	0.0000000000	0.0000001192
805	0.7861328125	65.6204319000	65.6204319000	0.0000000000	0.0000000000
806	0.7871093750	65.7587051392	65.7587051392	0.0000000000	0.0000001192
807	0.7880859375	65.8971500397	65.8971500397	0.0000000000	0.0000002384
808	0.7890625000	66.0357666016	66.0357666016	0.0000000000	0.0000001192
809	0.7900390625	66.1745548248	66.1745548248	0.0000000000	0.0000001192
810	0.7910156250	66.3135147095	66.3135147095	0.0000000000	0.0000000000
811	0.7919921875	66.4526462555	66.4526462555	0.0000000000	0.0000001192
812	0.7929687500	66.5919494629	66.5919494629	0.0000000000	0.0000000000
813	0.7939453125	66.7314243317	66.7314243317	0.0000000000	0.0000001192
814	0.7949218750	66.8710708618	66.8710708618	0.0000000000	0.0000000000
815	0.7958984375	67.0108890534	67.0108890533	0.0000000000	0.0000001192
816	0.7968750000	67.1508789063	67.1508789062	0.0000000000	0.0000002384
817	0.7978515625	67.2910404205	67.2910404205	0.0000000000	0.0000002384
818	0.7988281250	67.4313735962	67.4313735962	0.0000000000	0.0000000000
819	0.7998046875	67.5718784332	67.5718784332	0.0000000000	0.0000000000
820	0.8007812500	67.7125549317	67.7125549316	0.0000000000	0.0000000000
821	0.8017578125	67.8534030914	67.8534030914	0.0000000000	0.0000000000
822	0.8027343750	67.9944229126	67.9944229126	0.0000000000	0.0000002384
823	0.8037109375	68.1356143952	68.1356143951	0.0000000000	0.0000001192
824	0.8046875000	68.2769775391	68.2769775391	0.0000000000	0.0000001192
825	0.8056640625	68.4185123444	68.4185123444	0.0000000000	0.0000000000
826	0.8066406250	68.5602188110	68.5602188110	0.0000000000	0.0000001192
827	0.8076171875	68.7020969391	68.7020969391	0.0000000000	0.0000001192
828	0.8085937500	68.8441467285	68.8441467285	0.0000000000	0.0000000000
829	0.8095703125	68.9863681793	68.9863681793	0.0000000000	0.0000001192
830	0.8105468750	69.1287612915	69.1287612915	0.0000000000	0.0000001192
831	0.8115234375	69.2713260651	69.2713260651	0.0000000000	0.0000001192
832	0.8125000000	69.4140625000	69.4140625000	0.0000000000	0.0000001192
833	0.8134765625	69.5569705963	69.5569705963	0.0000000000	0.0000000000
834	0.8144531250	69.7000503540	69.7000503540	0.0000000000	0.0000001192
835	0.8154296875	69.8433017731	69.8433017731	0.0000000000	0.0000001192
836	0.8164062500	69.9867248535	69.9867248535	0.0000000000	0.0000001192
837	0.8173828125	70.1303195953	70.1303195953	0.0000000000	0.0000003576
838	0.8183593750	70.2740859985	70.2740859985	0.0000000000	0.0000001192
839	0.8193359375	70.4180240631	70.4180240631	0.0000000000	0.0000000000
840	0.8203125000	70.5621337891	70.5621337891	0.0000000000	0.0000003576
841	0.8212890625	70.7064151764	70.7064151764	0.0000000000	0.0000000000
842	0.8222656250	70.8508682251	70.8508682251	0.0000000000	0.0000002384
843	0.8232421875	70.9954929352	70.9954929352	0.0000000000	0.0000000000
844	0.8242187500	71.1402893067	71.1402893066	0.0000000000	0.0000002384
845	0.8251953125	71.2852573395	71.2852573395	0.0000000000	0.0000000000
846	0.8261718750	71.4303970337	71.4303970337	0.0000000000	0.0000002384
847	0.8271484375	71.5757083893	71.5757083893	0.0000000000	0.0000000000
848	0.8281250000	71.7211914063	71.7211914062	0.0000000000	0.0000002384
849	0.8291015625	71.8668460846	71.8668460846	0.0000000000	0.0000000000
850	0.8300781250	72.0126724243	72.0126724243	0.0000000000	0.0000002384
851	0.8310546875	72.1586704254	72.1586704254	0.0000000000	0.0000000000
852	0.8320312500	72.3048400879	72.3048400879	0.0000000000	0.0000002384
853	0.8330078125	72.4511814118	72.4511814117	0.0000000000	0.0000002384
854	0.8339843750	72.5976943970	72.5976943970	0.0000000000	0.0000000000
855	0.8349609375	72.7443790436	72.7443790436	0.0000000000	0.0000002384
856	0.8359375000	72.8912353516	72.8912353516	0.0000000000	0.0000000000
857	0.8369140625	73.0382633209	73.0382633209	0.0000000000	0.0000001192
858	0.8378906250	73.1854629517	73.1854629517	0.0000000000	0.0000001192
859	0.8388671875	73.3328342438	73.3328342438	0.0000000000	0.0000001192
860	0.8398437500	73.4803771973	73.4803771973	0.0000000000	0.0000001192
861	0.8408203125	73.6280918121	73.6280918121	0.0000000000	0.0000000000
862	0.8417968750	73.7759780884	73.7759780884	0.0000000000	0.0000002384
863	0.8427734375	73.9240360260	73.9240360260	0.0000000000	0.0000001192
864	0.8437500000	74.0722656250	74.0722656250	0.0000000000	0.0000000000
865	0.8447265625	74.2206668854	74.2206668854	0.0000000000	0.0000001192
866	0.8457031250	74.3692398071	74.3692398071	0.0000000000	0.0000000000
867	0.8466796875	74.5179843903	74.5179843903	0.0000000000	0.0000000000
868	0.8476562500	74.6669006348	74.6669006348	0.0000000000	0.0000002384
869	0.8486328125	74.8159885407	74.8159885406	0.0000000000	0.0000000000
870	0.8496093750	74.9652481079	74.9652481079	0.0000000000	0.0000001192
871	0.8505859375	75.1146793366	75.1146793365	0.0000000000	0.0000000000
872	0.8515625000	75.2642822266	75.2642822266	0.0000000000	0.0000001192
873	0.8525390625	75.4140567780	75.4140567780	0.0000000000	0.0000000000
874	0.8535156250	75.5640029907	75.5640029907	0.0000000000	0.0000001192
875	0.8544921875	75.7141208649	75.7141208649	0.0000000000	0.0000001192
876	0.8554687500	75.8644104004	75.8644104004	0.0000000000	0.0000000000
877	0.8564453125	76.0148715973	76.0148715973	0.0000000000	0.0000001192
878	0.8574218750	76.1655044556	76.1655044556	0.0000000000	0.0000001192
879	0.8583984375	76.3163089752	76.3163089752	0.0000000000	0.0000000000
880	0.8593750000	76.4672851563	76.4672851562	0.0000000000	0.0000002384
881	0.8603515625	76.6184329987	76.6184329987	0.0000000000	0.0000001192
882	0.8613281250	76.7697525025	76.7697525024	0.0000000000	0.0000002384
883	0.8623046875	76.9212436676	76.9212436676	0.0000000000	0.0000001192
884	0.8632812500	77.0729064942	77.0729064941	0.0000000000	0.0000001192
885	0.8642578125	77.2247409821	77.2247409821	0.0000000000	0.0000000000
886	0.8652343750	77.3767471314	77.3767471313	0.0000000000	0.0000003576
887	0.8662109375	77.5289249420	77.5289249420	0.0000000000	0.0000000000
888	0.8671875000	77.6812744141	77.6812744141	0.0000000000	0.0000002384
889	0.8681640625	77.8337955475	77.8337955475	0.0000000000	0.0000000000
890	0.8691406250	77.9864883423	77.9864883423	0.0000000000	0.0000000000
891	0.8701171875	78.1393527985	78.1393527985	0.0000000000	0.0000002384
892	0.8710937500	78.2923889160	78.2923889160	0.0000000000	0.0000001192
893	0.8720703125	78.4455966950	78.4455966949	0.0000000000	0.0000000000
894	0.8730468750	78.5989761353	78.5989761353	0.0000000000	0.0000001192
895	0.8740234375	78.7525272369	78.7525272369	0.0000000000	0.0000002384
896	0.8750000000	78.9062500000	78.9062500000	0.0000000000	0.0000002384
897	0.8759765625	79.0601444244	79.0601444244	0.0000000000	0.0000000000
898	0.8769531250	79.2142105103	79.2142105103	0.0000000000	0.0000002384
899	0.8779296875	79.3684482575	79.3684482574	0.0000000000	0.0000002384
900	0.8789062500	79.5228576660	79.5228576660	0.0000000000	0.0000002384
901	0.8798828125	79.6774387360	79.6774387360	0.0000000000	0.0000002384
902	0.8808593750	79.8321914673	79.8321914673	0.0000000000	0.0000002384
903	0.8818359375	79.9871158600	79.9871158600	0.0000000000	0.0000000000
904	0.8828125000	80.1422119141	80.1422119141	0.0000000000	0.0000000000
905	0.8837890625	80.2974796295	80.2974796295	0.0000000000	0.0000001192
906	0.8847656250	80.4529190064	80.4529190063	0.0000000000	0.0000000000
907	0.8857421875	80.6085300446	80.6085300446	0.0000000000	0.0000001192
908	0.8867187500	80.7643127441	80.7643127441	0.0000000000	0.0000000000
909	0.8876953125	80.9202671051	80.9202671051	0.0000000000	0.0000001192
910	0.8886718750	81.0763931274	81.0763931274	0.0000000000	0.0000002384
911	0.8896484375	81.2326908112	81.2326908112	0.0000000000	0.0000001192
912	0.8906250000	81.3891601563	81.3891601562	0.0000000000	0.0000000000
913	0.8916015625	81.5458011627	81.5458011627	0.0000000000	0.0000000000
914	0.8925781250	81.7026138306	81.7026138306	0.0000000000	0.0000003576
915	0.8935546875	81.8595981598	81.8595981598	0.0000000000	0.0000002384
916	0.8945312500	82.0167541504	82.0167541504	0.0000000000	0.0000000000
917	0.8955078125	82.1740818024	82.1740818024	0.0000000000	0.0000000000
918	0.8964843750	82.3315811157	82.3315811157	0.0000000000	0.0000001192
919	0.8974609375	82.4892520905	82.4892520905	0.0000000000	0.0000001192
920	0.8984375000	82.6470947266	82.6470947266	0.0000000000	0.0000000000
921	0.8994140625	82.8051090241	82.8051090240	0.0000000000	0.0000001192
922	0.9003906250	82.9632949829	82.9632949829	0.0000000000	0.0000000000
923	0.9013671875	83.1216526032	83.1216526031	0.0000000000	0.0000000000
924	0.9023437500	83.2801818848	83.2801818848	0.0000000000	0.0000002384
925	0.9033203125	83.4388828278	83.4388828278	0.0000000000	0.0000000000
926	0.9042968750	83.5977554321	83.5977554321	0.0000000000	0.0000001192
927	0.9052734375	83.7567996979	83.7567996979	0.0000000000	0.0000002384
928	0.9062500000	83.9160156250	83.9160156250	0.0000000000	0.0000000000
929	0.9072265625	84.0754032135	84.0754032135	0.0000000000	0.0000002384
930	0.9082031250	84.2349624634	84.2349624634	0.0000000000	0.0000003576
931	0.9091796875	84.3946933746	84.3946933746	0.0000000000	0.0000000000
932	0.9101562500	84.5545959473	84.5545959473	0.0000000000	0.0000002384
933	0.9111328125	84.7146701813	84.7146701813	0.0000000000	0.0000000000
934	0.9121093750	84.8749160767	84.8749160767	0.0000000000	0.0000000000
935	0.9130859375	85.0353336334	85.0353336334	0.0000000000	0.0000001192
936	0.9140625000	85.1959228516	85.1959228516	0.0000000000	0.0000000000
937	0.9150390625	85.3566837311	85.3566837311	0.0000000000	0.0000000000
938	0.9160156250	85.5176162720	85.5176162720	0.0000000000	0.0000002384
939	0.9169921875	85.6787204743	85.6787204742	0.0000000000	0.0000000000
940	0.9179687500	85.8399963379	85.8399963379	0.0000000000	0.0000000000
941	0.9189453125	86.0014438629	86.0014438629	0.0000000000	0.0000002384
942	0.9199218750	86.1630630493	86.1630630493	0.0000000000	0.0000004768
943	0.9208984375	86.3248538971	86.3248538971	0.0000000000	0.0000002384
944	0.9218750000	86.4868164063	86.4868164062	0.0000000000	0.0000000000
945	0.9228515625	86.6489505768	86.6489505768	0.0000000000	0.0000000000
946	0.9238281250	86.8112564087	86.8112564087	0.0000000000	0.0000002384
947	0.9248046875	86.9737339020	86.9737339020	0.0000000000	0.0000000000
948	0.9257812500	87.1363830566	87.1363830566	0.0000000000	0.0000000000
949	0.9267578125	87.2992038727	87.2992038727	0.0000000000	0.0000002384
950	0.9277343750	87.4621963501	87.4621963501	0.0000000000	0.0000000000
951	0.9287109375	87.6253604889	87.6253604889	0.0000000000	0.0000002384
952	0.9296875000	87.7886962891	87.7886962891	0.0000000000	0.0000002384
953	0.9306640625	87.9522037506	87.9522037506	0.0000000000	0.0000000000
954	0.9316406250	88.1158828735	88.1158828735	0.0000000000	0.0000004768
955	0.9326171875	88.2797336578	88.2797336578	0.0000000000	0.0000000000
956	0.9335937500	88.4437561035	88.4437561035	0.0000000000	0.0000002384
957	0.9345703125	88.6079502106	88.6079502106	0.0000000000	0.0000000000
958	0.9355468750	88.7723159790	88.7723159790	0.0000000000	0.0000000000
959	0.9365234375	88.9368534088	88.9368534088	0.0000000000	0.0000000000
960	0.9375000000	89.1015625000	89.1015625000	0.0000000000	0.0000002384
961	0.9384765625	89.2664432526	89.2664432526	0.0000000000	0.0000002384
962	0.9394531250	89.4314956665	89.4314956665	0.0000000000	0.0000002384
963	0.9404296875	89.5967197418	89.5967197418	0.0000000000	0.0000000000
964	0.9414062500	89.7621154785	89.7621154785	0.0000000000	0.0000002384
965	0.9423828125	89.9276828766	89.9276828766	0.0000000000	0.0000004768
966	0.9433593750	90.0934219360	90.0934219360	0.0000000000	0.0000000000
967	0.9443359375	90.2593326569	90.2593326569	0.0000000000	0.0000002384
968	0.9453125000	90.4254150391	90.4254150391	0.0000000000	0.0000000000
969	0.9462890625	90.5916690826	90.5916690826	0.0000000000	0.0000004768
970	0.9472656250	90.7580947876	90.7580947876	0.0000000000	0.0000002384
971	0.9482421875	90.9246921539	90.9246921539	0.0000000000	0.0000002384
972	0.9492187500	91.0914611816	91.0914611816	0.0000000000	0.0000000000
973	0.9501953125	91.2584018707	91.2584018707	0.0000000000	0.0000002384
974	0.9511718750	91.4255142212	91.4255142212	0.0000000000	0.0000002384
975	0.9521484375	91.5927982330	91.5927982330	0.0000000000	0.0000002384
976	0.9531250000	91.7602539063	91.7602539062	0.0000000000	0.0000002384
977	0.9541015625	91.9278812408	91.9278812408	0.0000000000	0.0000002384
978	0.9550781250	92.0956802368	92.0956802368	0.0000000000	0.0000002384
979	0.9560546875	92.2636508942	92.2636508942	0.0000000000	0.0000002384
980	0.9570312500	92.4317932129	92.4317932129	0.0000000000	0.0000004768
981	0.9580078125	92.6001071930	92.6001071930	0.0000000000	0.0000004768
982	0.9589843750	92.7685928345	92.7685928345	0.0000000000	0.0000000000
983	0.9599609375	92.9372501373	92.9372501373	0.0000000000	0.0000002384
984	0.9609375000	93.1060791016	93.1060791016	0.0000000000	0.0000002384
985	0.9619140625	93.2750797272	93.2750797272	0.0000000000	0.0000002384
986	0.9628906250	93.4442520142	93.4442520142	0.0000000000	0.0000000000
987	0.9638671875	93.6135959625	93.6135959625	0.0000000000	0.0000002384
988	0.9648437500	93.7831115723	93.7831115723	0.0000000000	0.0000002384
989	0.9658203125	93.9527988434	93.9527988434	0.0000000000	0.0000002384
990	0.9667968750	94.1226577759	94.1226577759	0.0000000000	0.0000002384
991	0.9677734375	94.2926883698	94.2926883698	0.0000000000	0.0000000000
992	0.9687500000	94.4628906250	94.4628906250	0.0000000000	0.0000002384
993	0.9697265625	94.6332645416	94.6332645416	0.0000000000	0.0000000000
994	0.9707031250	94.8038101196	94.8038101196	0.0000000000	0.0000002384
995	0.9716796875	94.9745273590	94.9745273590	0.0000000000	0.0000002384
996	0.9726562500	95.1454162598	95.1454162598	0.0000000000	0.0000002384
997	0.9736328125	95.3164768219	95.3164768219	0.0000000000	0.0000004768
998	0.9746093750	95.4877090454	95.4877090454	0.0000000000	0.0000004768
999	0.9755859375	95.6591129303	95.6591129303	0.0000000000	0.0000004768
1000	0.9765625000	95.8306884766	95.8306884766	0.0000000000	0.0000000000
1001	0.9775390625	96.0024356842	96.0024356842	0.0000000000	0.0000000000
1002	0.9785156250	96.1743545532	96.1743545532	0.0000000000	0.0000000000
1003	0.9794921875	96.3464450836	96.3464450836	0.0000000000	0.0000000000
1004	0.9804687500	96.5187072754	96.5187072754	0.0000000000	0.0000000000
1005	0.9814453125	96.6911411285	96.6911411285	0.0000000000	0.0000000000
1006	0.9824218750	96.8637466431	96.8637466431	0.0000000000	0.0000004768
1007	0.9833984375	97.0365238190	97.0365238190	0.0000000000	0.0000004768
1008	0.9843750000	97.2094726563	97.2094726562	0.0000000000	0.0000002384
1009	0.9853515625	97.3825931549	97.3825931549	0.0000000000	0.0000002384
1010	0.9863281250	97.5558853149	97.5558853149	0.0000000000	0.0000002384
1011	0.9873046875	97.7293491364	97.7293491364	0.0000000000	0.0000000000
1012	0.9882812500	97.9029846191	97.9029846191	0.0000000000	0.0000000000
1013	0.9892578125	98.0767917633	98.0767917633	0.0000000000	0.0000002384
1014	0.9902343750	98.2507705688	98.2507705688	0.0000000000	0.0000002384
1015	0.9912109375	98.4249210358	98.4249210358	0.0000000000	0.0000000000
1016	0.9921875000	98.5992431641	98.5992431641	0.0000000000	0.0000004768
1017	0.9931640625	98.7737369537	98.7737369537	0.0000000000	0.0000000000
1018	0.9941406250	98.9484024048	98.9484024048	0.0000000000	0.0000002384
1019	0.9951171875	99.1232395172	99.1232395172	0.0000000000	0.0000000000
1020	0.9960937500	99.2982482910	99.2982482910	0.0000000000	0.0000000000
1021	0.9970703125	99.4734287262	99.4734287262	0.0000000000	0.0000002384
1022	0.9980468750	99.6487808228	99.6487808228	0.0000000000	0.0000002384
1023	0.9990234375	99.8243045807	99.8243045807	0.0000000000	0.0000002384
1024	1.0000000000	100.0000000000	100.0000000000	0.0000000000	0.0000000000
